function  y = fun(x)

  y = 3.5833e-14*x^5 - 1e-10*x^4 + 1.0821e-07*x^3 - 5.65e-05*x^2 + 0.014324*x^1 - 1.387 - 0.125;
  
endfunction
